bremen_subgraph_20.gr   1       10      [1, 4, 8, 10, 13, 20, 24, 26, 29, 31]   0.26    11.11
bremen_subgraph_20.gr   2       10      [1, 5, 6, 10, 13, 15, 18, 24, 26, 32]   0.26    11.11
bremen_subgraph_20.gr   3       10      [1, 5, 8, 11, 17, 20, 23, 25, 29, 31]   0.26    11.11
bremen_subgraph_20.gr   4       10      [1, 4, 10, 11, 17, 21, 23, 24, 29, 31]  0.26    11.11
bremen_subgraph_20.gr   5       9       [4, 9, 11, 13, 15, 25, 27, 29, 30]      0.26    0.00
bremen_subgraph_50.gr   1       21      [1, 3, 13, 15, 16, 17, 23, 24, 27, 28, 30, 32, 34, 37, 43, 44, 46, 54, 55, 60, 62]      1.33    23.53
bremen_subgraph_50.gr   2       18      [1, 4, 11, 16, 25, 26, 29, 34, 35, 45, 47, 49, 51, 53, 56, 59, 60, 63]  1.27    5.88
bremen_subgraph_50.gr   3       21      [1, 2, 4, 6, 7, 11, 13, 15, 22, 24, 34, 39, 41, 42, 44, 47, 49, 50, 56, 60, 62] 1.33    23.53
bremen_subgraph_50.gr   4       21      [1, 8, 14, 16, 18, 21, 23, 25, 29, 34, 35, 37, 42, 45, 48, 49, 51, 53, 59, 60, 62]      1.31    23.53
bremen_subgraph_50.gr   5       19      [4, 5, 7, 11, 13, 14, 16, 20, 25, 26, 29, 35, 39, 47, 49, 51, 53, 57, 63]       1.27    11.76
bremen_subgraph_100.gr  1       34      [5, 8, 10, 13, 16, 24, 28, 29, 31, 32, 35, 36, 38, 41, 44, 50, 52, 54, 61, 62, 64, 73, 77, 79, 80, 82, 84, 86, 90, 97, 100, 105, 106, 109]3.30    17.24
bremen_subgraph_100.gr  2       34      [4, 8, 9, 11, 13, 15, 17, 19, 27, 31, 32, 37, 39, 43, 45, 52, 61, 63, 65, 67, 69, 71, 76, 81, 83, 88, 91, 94, 97, 99, 100, 102, 105, 109]3.35    17.24
bremen_subgraph_100.gr  3       36      [2, 6, 14, 18, 22, 24, 26, 33, 39, 40, 43, 52, 53, 56, 59, 60, 66, 68, 69, 70, 72, 75, 78, 81, 82, 83, 84, 85, 87, 88, 91, 94, 99, 101, 104, 107] 3.34    24.14
bremen_subgraph_100.gr  4       36      [2, 5, 8, 11, 13, 14, 15, 17, 21, 24, 28, 29, 34, 36, 39, 40, 43, 46, 52, 53, 61, 63, 64, 65, 71, 76, 81, 83, 86, 88, 91, 96, 99, 100, 103, 106]  3.35    24.14
bremen_subgraph_100.gr  5       37      [3, 5, 14, 15, 18, 22, 23, 25, 27, 32, 34, 35, 39, 41, 50, 51, 53, 55, 60, 68, 69, 70, 73, 75, 77, 79, 80, 85, 86, 88, 92, 93, 94, 95, 99, 104, 108]      3.41    27.59
bremen_subgraph_150.gr  1       55      [2, 4, 8, 10, 11, 13, 15, 17, 20, 24, 25, 26, 29, 31, 37, 41, 43, 47, 48, 49, 58, 62, 66, 67, 70, 76, 77, 83, 89, 91, 92, 95, 100, 104, 107, 110, 111, 115, 117, 118, 122, 124, 125, 126, 127, 129, 132, 135, 137, 140, 144, 146, 150, 154, 157]  7.38    30.95
bremen_subgraph_150.gr  2       55      [1, 5, 7, 9, 13, 16, 18, 20, 24, 26, 27, 28, 29, 31, 32, 37, 41, 44, 47, 52, 54, 56, 57, 59, 61, 63, 67, 76, 80, 82, 84, 85, 87, 88, 93, 100, 101, 102, 103, 110, 112, 115, 117, 118, 119, 125, 127, 131, 135, 141, 149, 154, 157, 158, 164]      7.48    30.95
bremen_subgraph_150.gr  3       53      [1, 2, 4, 6, 13, 15, 17, 19, 20, 25, 30, 32, 34, 35, 40, 43, 44, 49, 50, 51, 58, 63, 66, 72, 73, 74, 77, 79, 82, 85, 88, 91, 95, 105, 110, 113, 117, 118, 119, 121, 123, 126, 127, 130, 133, 134, 143, 146, 148, 151, 155, 158, 161]      7.34    26.19
bremen_subgraph_150.gr  4       54      [6, 9, 13, 15, 17, 22, 23, 26, 28, 31, 33, 36, 37, 40, 41, 44, 45, 46, 50, 51, 54, 55, 58, 61, 64, 73, 75, 77, 79, 80, 82, 86, 90, 92, 94, 97, 100, 101, 103, 107, 109, 110, 113, 116, 125, 129, 130, 134, 143, 146, 150, 151, 152, 154]  7.40    28.57
bremen_subgraph_150.gr  5       54      [7, 8, 10, 13, 16, 17, 22, 23, 26, 27, 28, 31, 33, 41, 46, 47, 48, 55, 58, 59, 63, 64, 73, 76, 77, 80, 82, 85, 86, 87, 90, 94, 99, 100, 101, 103, 106, 108, 115, 118, 120, 121, 125, 127, 128, 132, 134, 141, 146, 148, 151, 159, 161, 162]       7.32    28.57
bremen_subgraph_200.gr  1       72      [5, 9, 10, 13, 15, 16, 18, 19, 21, 24, 26, 30, 36, 40, 41, 45, 47, 50, 51, 55, 57, 60, 66, 67, 75, 77, 81, 83, 90, 97, 102, 103, 104, 109, 111, 113, 114, 117, 119, 124, 125, 130, 131, 136, 137, 141, 142, 148, 149, 153, 154, 161, 162, 167, 169, 170, 172, 176, 180, 184, 187, 191, 192, 193, 196, 198, 202, 210, 211, 212, 213, 214]    12.76   26.32
bremen_subgraph_200.gr  2       71      [1, 2, 4, 8, 9, 12, 18, 19, 20, 21, 23, 24, 27, 29, 31, 33, 34, 37, 39, 41, 49, 51, 53, 54, 55, 59, 65, 68, 74, 78, 89, 94, 95, 97, 104, 107, 108, 110, 112, 114, 120, 129, 132, 136, 137, 141, 148, 150, 153, 155, 157, 159, 163, 164, 171, 172, 176, 181, 182, 188, 189, 191, 192, 195, 198, 201, 203, 209, 210, 212, 213]12.37   24.56
bremen_subgraph_200.gr  3       72      [1, 2, 3, 9, 16, 18, 21, 22, 23, 25, 26, 30, 31, 33, 34, 37, 39, 41, 42, 46, 51, 53, 59, 67, 72, 74, 76, 79, 80, 86, 88, 91, 92, 98, 106, 108, 110, 111, 113, 114, 117, 120, 124, 125, 130, 135, 137, 139, 146, 147, 148, 149, 153, 156, 159, 165, 171, 175, 177, 181, 182, 187, 189, 192, 197, 199, 202, 203, 206, 207, 215, 216]  12.82   26.32
bremen_subgraph_200.gr  4       72      [2, 3, 5, 8, 11, 12, 20, 21, 26, 28, 33, 36, 40, 42, 47, 50, 53, 55, 57, 59, 61, 64, 67, 73, 77, 79, 80, 83, 85, 88, 96, 98, 101, 102, 103, 108, 109, 112, 114, 115, 117, 121, 126, 130, 135, 139, 140, 145, 146, 147, 148, 150, 153, 154, 157, 167, 169, 175, 179, 187, 191, 195, 198, 200, 204, 205, 206, 207, 209, 211, 215, 216]        12.45   26.32
bremen_subgraph_200.gr  5       71      [1, 5, 6, 9, 12, 13, 15, 18, 19, 21, 26, 27, 29, 32, 33, 34, 36, 39, 46, 47, 54, 55, 59, 61, 66, 71, 74, 76, 78, 86, 90, 92, 97, 98, 102, 103, 104, 107, 109, 115, 118, 119, 122, 126, 128, 131, 133, 135, 137, 139, 145, 148, 151, 152, 153, 156, 160, 161, 165, 168, 172, 179, 181, 183, 186, 192, 196, 199, 203, 209, 212]       12.80   24.56
bremen_subgraph_250.gr  1       99      [1, 2, 5, 6, 8, 11, 20, 22, 24, 27, 30, 33, 35, 37, 42, 44, 50, 51, 56, 57, 60, 61, 70, 75, 77, 78, 82, 83, 86, 88, 95, 97, 100, 103, 104, 106, 109, 112, 114, 115, 120, 124, 125, 127, 128, 129, 131, 132, 133, 135, 136, 139, 140, 143, 146, 149, 152, 154, 156, 158, 161, 163, 165, 169, 170, 175, 177, 181, 184, 194, 201, 202, 204, 206, 211, 214, 215, 217, 219, 223, 225, 228, 229, 231, 234, 235, 239, 240, 243, 248, 250, 251, 254, 258, 260, 261, 263, 269, 270]  20.77   33.78
bremen_subgraph_250.gr  2       98      [1, 2, 9, 13, 16, 17, 19, 24, 28, 29, 30, 33, 35, 37, 40, 48, 50, 52, 54, 57, 59, 60, 61, 65, 70, 73, 74, 78, 79, 80, 81, 83, 85, 88, 92, 93, 95, 97, 99, 100, 111, 112, 121, 124, 125, 128, 129, 131, 134, 139, 140, 142, 143, 149, 154, 155, 157, 161, 164, 165, 172, 173, 177, 179, 183, 184, 190, 194, 198, 200, 202, 204, 206, 207, 210, 215, 218, 219, 221, 223, 226, 227, 228, 229, 230, 231, 233, 236, 237, 244, 251, 254, 261, 262, 264, 265, 268, 269]    20.86   32.43
bremen_subgraph_250.gr  3       102     [2, 5, 6, 7, 9, 12, 17, 20, 22, 24, 28, 30, 34, 42, 45, 46, 55, 56, 59, 60, 61, 62, 63, 64, 66, 69, 72, 73, 74, 76, 77, 79, 81, 84, 85, 91, 97, 98, 100, 102, 104, 109, 114, 116, 121, 122, 123, 126, 132, 133, 136, 137, 139, 141, 145, 149, 151, 155, 156, 160, 164, 168, 171, 177, 178, 179, 181, 183, 184, 186, 190, 191, 193, 196, 198, 199, 205, 207, 212, 214, 217, 218, 219, 222, 224, 225, 226, 229, 230, 233, 234, 237, 238, 242, 243, 246, 251, 254, 257, 266, 267, 269] 20.66   37.84
bremen_subgraph_250.gr  4       99      [4, 6, 13, 14, 15, 18, 19, 26, 27, 31, 37, 39, 40, 41, 46, 49, 50, 52, 54, 57, 64, 68, 71, 72, 73, 74, 80, 82, 83, 87, 89, 91, 94, 95, 96, 99, 101, 106, 109, 110, 113, 117, 123, 126, 127, 129, 130, 132, 134, 137, 143, 145, 146, 147, 153, 155, 156, 159, 164, 170, 174, 177, 182, 183, 185, 186, 187, 189, 192, 200, 202, 204, 206, 208, 220, 221, 224, 225, 228, 230, 231, 232, 233, 236, 237, 238, 241, 243, 246, 248, 249, 251, 253, 256, 261, 262, 264, 268, 269]   20.27   33.78
bremen_subgraph_250.gr  5       99      [1, 2, 7, 8, 10, 12, 13, 14, 16, 18, 23, 24, 27, 30, 32, 34, 36, 40, 42, 50, 52, 53, 54, 56, 58, 64, 66, 69, 72, 77, 78, 80, 81, 84, 85, 86, 87, 88, 89, 90, 95, 96, 102, 106, 109, 110, 111, 112, 113, 115, 116, 117, 126, 131, 132, 135, 137, 138, 142, 143, 146, 149, 151, 155, 167, 168, 170, 173, 174, 176, 182, 183, 184, 186, 187, 190, 194, 198, 199, 205, 206, 212, 215, 217, 220, 222, 224, 228, 233, 242, 245, 246, 252, 256, 257, 258, 261, 265, 267]   20.21   33.78
bremen_subgraph_300.gr  1       118     [7, 9, 11, 16, 21, 25, 28, 30, 31, 32, 35, 42, 45, 46, 47, 51, 52, 54, 56, 58, 60, 64, 68, 70, 71, 75, 77, 80, 82, 85, 86, 89, 90, 92, 94, 98, 100, 101, 102, 104, 105, 113, 114, 116, 121, 124, 127, 129, 134, 140, 141, 144, 146, 154, 155, 157, 158, 160, 164, 165, 167, 168, 169, 171, 172, 173, 177, 179, 181, 183, 185, 186, 188, 190, 191, 195, 196, 197, 200, 207, 208, 212, 214, 218, 220, 221, 222, 225, 227, 231, 232, 238, 239, 241, 244, 249, 250, 251, 255, 259, 264, 267, 269, 273, 274, 276, 278, 280, 283, 285, 287, 292, 295, 297, 298, 300, 302, 307]      27.10   40.48
bremen_subgraph_300.gr  2       119     [1, 4, 6, 7, 8, 11, 12, 13, 14, 15, 19, 21, 28, 31, 33, 34, 35, 38, 40, 42, 43, 51, 54, 57, 60, 61, 63, 66, 68, 71, 74, 75, 76, 78, 79, 82, 86, 87, 88, 91, 97, 98, 101, 102, 106, 108, 110, 111, 115, 117, 120, 121, 122, 124, 126, 128, 129, 133, 135, 136, 137, 139, 141, 144, 147, 149, 151, 155, 160, 166, 168, 171, 172, 174, 176, 177, 180, 181, 182, 184, 188, 191, 194, 195, 197, 200, 201, 203, 206, 208, 210, 212, 214, 218, 220, 222, 224, 225, 232, 237, 240, 243, 247, 252, 255, 258, 259, 261, 263, 270, 276, 277, 281, 289, 292, 295, 297, 301, 306]  27.74   41.67
bremen_subgraph_300.gr  3       112     [5, 11, 17, 24, 25, 27, 29, 31, 33, 36, 42, 44, 45, 46, 48, 51, 52, 54, 56, 58, 63, 65, 67, 69, 70, 72, 73, 78, 80, 81, 83, 88, 92, 96, 98, 100, 101, 102, 106, 110, 113, 115, 118, 120, 125, 128, 131, 134, 136, 138, 139, 141, 144, 148, 149, 152, 153, 156, 163, 164, 167, 170, 173, 177, 183, 189, 193, 194, 196, 199, 201, 204, 208, 209, 214, 217, 218, 223, 224, 227, 229, 231, 233, 236, 240, 244, 247, 249, 251, 253, 256, 257, 259, 260, 261, 262, 263, 269, 270, 275, 278, 281, 284, 286, 293, 296, 297, 300, 301, 303, 305, 309]  26.27   33.33
bremen_subgraph_300.gr  4       117     [5, 8, 11, 14, 20, 21, 22, 23, 27, 30, 35, 38, 41, 44, 47, 49, 54, 55, 58, 61, 62, 63, 66, 69, 70, 72, 75, 77, 78, 80, 81, 82, 85, 86, 87, 89, 90, 92, 97, 100, 101, 103, 105, 113, 117, 118, 122, 123, 124, 132, 133, 134, 138, 143, 145, 146, 149, 150, 156, 161, 162, 164, 165, 167, 169, 172, 174, 176, 179, 182, 185, 186, 187, 188, 192, 193, 194, 196, 199, 201, 204, 206, 209, 210, 212, 217, 218, 220, 222, 226, 228, 231, 232, 235, 237, 240, 241, 248, 251, 254, 263, 267, 272, 274, 278, 279, 281, 283, 289, 292, 295, 298, 300, 303, 305, 308, 311]      27.59   39.29
bremen_subgraph_300.gr  5       120     [1, 2, 4, 5, 7, 10, 12, 17, 19, 22, 27, 34, 35, 39, 41, 42, 45, 47, 49, 50, 53, 56, 59, 60, 61, 66, 67, 69, 74, 79, 81, 83, 92, 93, 94, 97, 98, 99, 101, 102, 103, 109, 113, 115, 119, 122, 123, 127, 132, 138, 141, 143, 144, 147, 150, 152, 154, 156, 158, 159, 164, 165, 170, 171, 172, 173, 178, 180, 181, 184, 186, 191, 194, 198, 200, 201, 204, 206, 209, 211, 214, 217, 219, 221, 222, 223, 225, 232, 233, 235, 237, 242, 247, 251, 252, 259, 261, 262, 263, 266, 267, 270, 271, 273, 274, 276, 280, 281, 283, 285, 286, 289, 291, 292, 295, 297, 298, 300, 305, 307] 27.69   42.86