bremen_subgraph_20.gr   1       9       [4, 9, 15, 24, 26, 27, 28, 29, 30]      2.74    0.00
bremen_subgraph_20.gr   2       9       [4, 9, 14, 15, 23, 24, 27, 29, 30]      2.75    0.00
bremen_subgraph_20.gr   3       9       [4, 9, 14, 15, 24, 27, 28, 29, 30]      2.70    0.00
bremen_subgraph_20.gr   4       9       [4, 9, 13, 15, 25, 26, 27, 29, 30]      2.71    0.00
bremen_subgraph_20.gr   5       9       [4, 9, 14, 15, 24, 27, 28, 29, 30]      2.69    0.00
bremen_subgraph_50.gr   1       18      [10, 11, 18, 19, 24, 29, 34, 35, 41, 45, 47, 49, 51, 53, 56, 58, 59, 63]        8.77    5.88
bremen_subgraph_50.gr   2       18      [9, 13, 16, 21, 25, 26, 29, 33, 35, 37, 39, 45, 49, 51, 53, 58, 60, 63] 8.81    5.88
bremen_subgraph_50.gr   3       18      [1, 3, 13, 16, 18, 25, 26, 29, 30, 34, 45, 47, 49, 51, 53, 55, 60, 63]  8.86    5.88
bremen_subgraph_50.gr   4       18      [10, 11, 13, 15, 18, 19, 24, 29, 34, 35, 41, 45, 47, 49, 52, 55, 58, 63]        8.75    5.88
bremen_subgraph_50.gr   5       19      [2, 5, 15, 16, 22, 29, 30, 31, 33, 37, 39, 43, 52, 55, 58, 59, 60, 61, 62]      8.69    11.76
bremen_subgraph_100.gr  1       30      [2, 7, 12, 14, 20, 22, 24, 26, 31, 46, 47, 50, 52, 57, 62, 66, 69, 73, 77, 79, 81, 86, 88, 90, 91, 95, 98, 100, 103, 108]       23.80   3.45
bremen_subgraph_100.gr  2       31      [3, 7, 14, 20, 22, 24, 30, 33, 35, 40, 45, 57, 58, 59, 62, 64, 66, 73, 79, 81, 82, 83, 87, 90, 91, 97, 98, 102, 105, 106, 109]  23.40   6.90
bremen_subgraph_100.gr  3       32      [2, 7, 14, 20, 22, 24, 26, 33, 37, 42, 49, 52, 53, 55, 60, 65, 66, 69, 70, 73, 75, 77, 81, 83, 86, 88, 92, 93, 99, 101, 104, 106]       23.49     10.34
bremen_subgraph_100.gr  4       30      [2, 6, 9, 12, 22, 23, 24, 26, 31, 46, 47, 48, 56, 62, 64, 66, 73, 77, 79, 80, 85, 87, 88, 90, 91, 95, 99, 100, 103, 108]        23.47   3.45
bremen_subgraph_100.gr  5       31      [3, 7, 13, 14, 20, 22, 24, 30, 33, 35, 40, 45, 47, 52, 61, 66, 69, 71, 74, 79, 81, 82, 83, 87, 91, 93, 97, 98, 102, 105, 109]   23.62   6.90
bremen_subgraph_150.gr  1       47      [2, 10, 21, 26, 27, 30, 36, 39, 42, 46, 50, 52, 57, 58, 61, 65, 70, 76, 80, 82, 86, 88, 92, 95, 98, 100, 104, 111, 112, 114, 115, 116, 120, 121, 125, 128, 131, 134, 143, 146, 147, 150, 154, 156, 157, 160, 163] 47.82   11.90
bremen_subgraph_150.gr  2       49      [3, 18, 19, 22, 26, 28, 30, 33, 40, 44, 49, 51, 53, 55, 66, 69, 76, 77, 78, 82, 86, 87, 90, 94, 95, 99, 100, 104, 111, 112, 114, 116, 120, 121, 123, 125, 127, 128, 129, 130, 132, 134, 143, 148, 152, 156, 159, 161, 162]        48.83   16.67
bremen_subgraph_150.gr  3       48      [6, 10, 21, 27, 30, 32, 38, 43, 45, 52, 53, 54, 58, 62, 66, 70, 71, 75, 78, 82, 89, 90, 91, 95, 96, 100, 103, 107, 110, 111, 114, 115, 117, 118, 123, 125, 130, 133, 135, 138, 142, 143, 150, 154, 155, 157, 160, 163]    48.05   14.29
bremen_subgraph_150.gr  4       50      [6, 13, 18, 19, 20, 22, 26, 28, 30, 43, 45, 47, 49, 51, 54, 62, 66, 67, 70, 76, 78, 82, 87, 90, 91, 94, 99, 100, 102, 103, 106, 109, 110, 115, 121, 125, 126, 128, 130, 132, 134, 136, 140, 142, 143, 150, 157, 160, 161, 162]    48.55   19.05
bremen_subgraph_150.gr  5       46      [2, 7, 8, 10, 15, 21, 26, 27, 30, 35, 39, 43, 44, 51, 57, 58, 62, 63, 66, 72, 76, 81, 86, 89, 90, 92, 95, 97, 105, 114, 116, 119, 120, 123, 124, 126, 130, 134, 143, 146, 147, 148, 152, 155, 159, 164]   47.02   9.52
bremen_subgraph_200.gr  1       66      [3, 17, 20, 25, 28, 29, 36, 41, 45, 49, 50, 60, 67, 75, 78, 81, 83, 85, 86, 87, 89, 94, 95, 96, 102, 106, 112, 115, 118, 119, 126, 133, 136, 137, 138, 141, 142, 143, 145, 146, 148, 149, 150, 153, 156, 161, 162, 167, 170, 171, 174, 176, 184, 185, 189, 191, 192, 197, 202, 203, 206, 207, 210, 211, 212, 213] 108.88  15.79
bremen_subgraph_200.gr  2       64      [9, 19, 22, 25, 28, 32, 34, 37, 39, 49, 51, 53, 59, 61, 62, 64, 66, 69, 77, 79, 83, 84, 87, 92, 94, 95, 100, 102, 104, 106, 107, 110, 113, 117, 129, 135, 137, 139, 143, 145, 147, 148, 149, 151, 152, 158, 160, 162, 167, 169, 173, 176, 188, 191, 195, 198, 204, 205, 206, 209, 210, 212, 213, 215]     107.82  12.28     
bremen_subgraph_200.gr  3       63      [2, 5, 7, 9, 28, 29, 31, 34, 37, 39, 44, 49, 51, 68, 75, 76, 79, 82, 84, 87, 94, 98, 100, 102, 104, 113, 114, 115, 118, 127, 128, 130, 132, 137, 139, 143, 144, 145, 149, 151, 152, 153, 155, 157, 159, 162, 164, 165, 166, 171, 172, 176, 179, 182, 185, 186, 194, 201, 205, 206, 207, 210, 215] 109.45  10.53
bremen_subgraph_200.gr  4       63      [1, 7, 9, 13, 20, 22, 25, 28, 33, 36, 41, 44, 49, 51, 58, 59, 60, 62, 64, 67, 75, 77, 94, 95, 96, 102, 103, 106, 109, 120, 123, 124, 127, 141, 145, 147, 148, 149, 150, 153, 157, 159, 160, 163, 164, 171, 174, 176, 179, 181, 184, 187, 188, 189, 191, 193, 196, 198, 203, 205, 210, 211, 215]   107.41  10.53
bremen_subgraph_200.gr  5       66      [5, 13, 18, 27, 28, 29, 31, 35, 38, 41, 45, 49, 50, 61, 64, 69, 73, 75, 78, 81, 82, 85, 87, 97, 102, 107, 109, 114, 115, 118, 122, 124, 141, 142, 145, 147, 148, 149, 154, 157, 158, 159, 162, 163, 164, 165, 167, 169, 173, 174, 175, 176, 180, 183, 187, 189, 191, 192, 198, 201, 202, 203, 210, 212, 213, 215] 111.35  15.79
bremen_subgraph_250.gr  1       85      [10, 18, 21, 23, 30, 34, 39, 44, 52, 54, 59, 64, 68, 74, 79, 82, 83, 84, 89, 93, 94, 97, 102, 105, 106, 113, 119, 121, 122, 123, 125, 127, 130, 133, 136, 137, 139, 142, 143, 151, 153, 154, 155, 160, 164, 170, 177, 179, 180, 181, 183, 186, 189, 191, 194, 195, 199, 201, 202, 205, 206, 209, 217, 219, 221, 224, 225, 229, 234, 237, 239, 240, 241, 242, 245, 248, 249, 251, 254, 257, 258, 262, 264, 268, 270] 169.60  14.86
bremen_subgraph_250.gr  2       82      [15, 18, 25, 26, 28, 34, 38, 45, 50, 52, 55, 58, 59, 71, 73, 74, 78, 82, 83, 86, 88, 89, 94, 95, 97, 102, 104, 105, 112, 113, 117, 118, 121, 123, 125, 127, 129, 131, 133, 139, 149, 151, 154, 155, 160, 164, 165, 170, 176, 179, 183, 186, 190, 191, 197, 200, 202, 204, 206, 207, 209, 214, 217, 221, 223, 225, 229, 232, 236, 237, 238, 242, 245, 251, 254, 257, 258, 263, 264, 266, 268, 269]   157.67  10.81
bremen_subgraph_250.gr  3       83      [4, 21, 23, 27, 29, 35, 37, 39, 46, 54, 57, 61, 68, 71, 73, 74, 77, 82, 87, 90, 92, 95, 97, 100, 107, 109, 113, 116, 117, 119, 121, 129, 131, 132, 137, 140, 142, 144, 145, 147, 157, 160, 164, 165, 169, 172, 176, 180, 183, 188, 191, 193, 196, 197, 200, 202, 209, 213, 217, 221, 222, 225, 226, 227, 228, 231, 232, 236, 237, 239, 242, 245, 248, 249, 251, 252, 253, 256, 261, 262, 263, 265, 268]     165.73  12.16
bremen_subgraph_250.gr  4       84      [7, 10, 19, 21, 23, 32, 34, 36, 39, 44, 50, 55, 65, 66, 71, 79, 82, 84, 85, 89, 92, 94, 95, 99, 100, 112, 114, 115, 116, 118, 119, 120, 122, 125, 130, 137, 140, 143, 145, 146, 150, 155, 160, 164, 169, 172, 175, 178, 181, 182, 183, 186, 187, 188, 194, 195, 198, 205, 206, 209, 212, 213, 215, 218, 220, 224, 225, 226, 228, 230, 233, 234, 235, 236, 238, 244, 250, 252, 256, 259, 261, 262, 265, 268] 170.25  13.51
bremen_subgraph_250.gr  5       80      [5, 16, 21, 23, 31, 35, 39, 44, 49, 50, 52, 54, 59, 61, 71, 73, 79, 82, 84, 85, 90, 93, 97, 99, 102, 105, 108, 111, 113, 119, 121, 122, 125, 131, 134, 137, 140, 143, 146, 151, 158, 160, 164, 165, 169, 172, 175, 178, 180, 181, 183, 188, 194, 199, 201, 205, 206, 211, 213, 216, 222, 226, 227, 228, 229, 231, 232, 236, 237, 241, 242, 245, 248, 250, 254, 259, 262, 266, 268, 269]     157.44  8.11
bremen_subgraph_300.gr  1       97      [5, 21, 25, 28, 30, 35, 39, 48, 49, 51, 53, 56, 59, 61, 69, 75, 78, 79, 82, 84, 87, 96, 98, 101, 109, 113, 115, 119, 124, 125, 126, 127, 129, 132, 138, 140, 144, 147, 149, 150, 158, 160, 163, 165, 167, 171, 179, 181, 183, 186, 193, 194, 197, 200, 209, 212, 214, 216, 217, 221, 223, 224, 227, 230, 232, 233, 235, 238, 240, 245, 246, 253, 256, 259, 261, 263, 266, 267, 269, 270, 273, 276, 277, 282, 284, 286, 287, 288, 291, 293, 297, 298, 301, 304, 306, 309, 311]       219.95  15.48
bremen_subgraph_300.gr  2       94      [20, 22, 24, 27, 28, 32, 35, 39, 45, 46, 51, 53, 59, 62, 66, 68, 70, 71, 75, 78, 79, 83, 84, 91, 98, 109, 115, 118, 127, 129, 136, 142, 144, 147, 151, 152, 155, 158, 160, 162, 163, 166, 169, 170, 177, 179, 180, 184, 186, 187, 190, 192, 195, 198, 200, 206, 209, 214, 216, 218, 220, 221, 222, 225, 230, 235, 238, 241, 244, 249, 256, 258, 259, 260, 261, 262, 265, 266, 267, 268, 274, 276, 280, 282, 283, 285, 286, 293, 295, 298, 302, 304, 307, 310]       219.42  11.90
bremen_subgraph_300.gr  3       95      [1, 6, 12, 16, 19, 22, 23, 29, 36, 38, 44, 50, 54, 56, 69, 74, 83, 84, 89, 92, 94, 106, 109, 112, 115, 119, 120, 121, 122, 123, 124, 128, 129, 132, 135, 136, 141, 145, 148, 149, 152, 153, 156, 163, 168, 169, 171, 173, 174, 179, 180, 181, 184, 186, 193, 194, 198, 202, 213, 214, 216, 218, 220, 222, 225, 229, 232, 238, 241, 244, 246, 254, 256, 259, 261, 262, 263, 266, 267, 269, 270, 273, 274, 278, 283, 287, 290, 292, 297, 298, 300, 305, 307, 308, 311]        217.60  13.10
bremen_subgraph_300.gr  4       94      [10, 16, 20, 21, 22, 26, 33, 36, 38, 40, 44, 46, 48, 51, 54, 61, 65, 67, 69, 71, 75, 83, 91, 101, 103, 104, 110, 115, 118, 120, 121, 124, 129, 130, 132, 136, 142, 147, 152, 158, 160, 164, 167, 168, 169, 171, 173, 176, 179, 184, 186, 187, 188, 191, 192, 194, 196, 199, 202, 203, 206, 208, 212, 214, 217, 221, 223, 225, 230, 232, 233, 235, 238, 240, 243, 247, 253, 255, 261, 263, 276, 280, 282, 284, 285, 290, 292, 296, 298, 301, 303, 306, 309, 311]     219.92  11.90
bremen_subgraph_300.gr  5       92      [1, 12, 17, 19, 29, 34, 35, 37, 38, 45, 51, 54, 56, 59, 61, 69, 71, 74, 77, 79, 83, 84, 87, 92, 97, 105, 107, 108, 115, 119, 120, 127, 129, 138, 141, 142, 144, 148, 155, 163, 171, 173, 174, 179, 180, 184, 186, 190, 192, 195, 196, 199, 200, 206, 208, 212, 214, 215, 225, 226, 230, 232, 233, 234, 236, 238, 240, 243, 246, 251, 256, 257, 259, 260, 261, 262, 263, 265, 269, 270, 276, 277, 286, 287, 291, 294, 298, 300, 303, 305, 307, 310]  219.11  9.52